  10.00     7.916E+01  9.596E-01    1569         338         370     
  11.00     8.250E+01  8.964E-01    1684         346         383     
  12.00     8.562E+01  8.419E-01    1795         353         396     
  13.00     8.854E+01  7.943E-01    1902         360         407     
  14.00     9.127E+01  7.524E-01    2007         366         417     
  15.00     9.384E+01  7.151E-01    2109         371         427     
  16.00     9.625E+01  6.817E-01    2209         376         437     
  17.00     9.851E+01  6.516E-01    2307         380         445     
  18.00     1.006E+02  6.243E-01    2403         385         453     
  20.00     1.045E+02  5.767E-01    2590         393         469     
  22.50     1.088E+02  5.273E-01    2816         402         486     
  25.00     1.124E+02  4.865E-01    3035         410         501     
  27.50     1.155E+02  4.520E-01    3248         418         516     
  30.00     1.181E+02  4.225E-01    3456         424         529     
  32.50     1.203E+02  3.970E-01    3661         430         541     
  35.00     1.222E+02  3.746E-01    3862         436         553     
  37.50     1.237E+02  3.548E-01    4061         441         564     
  40.00     1.249E+02  3.372E-01    4259         446         574     
  45.00     1.266E+02  3.071E-01    4649         457         594     
  50.00     1.274E+02  2.824E-01    5037         468         612     
  55.00     1.276E+02  2.616E-01    5424         477         629     
  60.00     1.273E+02  2.439E-01    5811         486         646     
  65.00     1.267E+02  2.286E-01    6200         495         662     
  70.00     1.258E+02  2.153E-01    6591         504         677     
  80.00     1.234E+02  1.931E-01    7386         526         707     
  90.00     1.205E+02  1.753E-01    8199         549         736     
 100.00     1.175E+02  1.608E-01    9033         570         765     
 110.00     1.145E+02  1.486E-01    9889         592         793     
 120.00     1.115E+02  1.383E-01    1.08        614         822     
 130.00     1.086E+02  1.294E-01    1.17        636         851     
 140.00     1.059E+02  1.216E-01    1.26        659         880     
 150.00     1.033E+02  1.148E-01    1.35        681         909     
 160.00     1.009E+02  1.088E-01    1.45        704         939     
 170.00     9.855E+01  1.034E-01    1.55        727         969     
 180.00     9.634E+01  9.854E-02    1.65        750         999     
 200.00     9.228E+01  9.017E-02    1.87        825        1061     
 225.00     8.775E+01  8.163E-02    2.14        934        1142     
 250.00     8.374E+01  7.465E-02    2.43       1041        1225     
 275.00     8.016E+01  6.884E-02    2.74       1146        1312     
 300.00     7.694E+01  6.392E-02    3.05       1252        1401     
 325.00     7.402E+01  5.970E-02    3.38       1357        1494     
 350.00     7.136E+01  5.603E-02    3.73       1462        1590     
 375.00     6.892E+01  5.281E-02    4.08       1567        1688     
 400.00     6.668E+01  4.997E-02    4.45       1673        1789     
 450.00     6.269E+01  4.515E-02    5.22       2036        2000     
 500.00     5.923E+01  4.123E-02    6.04       2381        2222     
 550.00     5.620E+01  3.797E-02    6.90       2716        2454     
 600.00     5.353E+01  3.521E-02    7.81       3045        2696     
 650.00     5.114E+01  3.285E-02    8.77       3371        2948     
 700.00     4.899E+01  3.080E-02    9.76       3696        3209     
 800.00     4.528E+01  2.742E-02   11.88       4833        3758     
 900.00     4.219E+01  2.474E-02   14.17       5887        4342     
   1.00     3.955E+01  2.256E-02   16.61       6903        4960     
   1.10     3.712E+01  2.075E-02   19.21       7904        5611     
   1.20     3.469E+01  1.923E-02   22.00       8912        6299     
   1.30     3.270E+01  1.792E-02   24.96       9937        7027     
   1.40     3.099E+01  1.679E-02   28.10       1.10       7792     
   1.50     2.946E+01  1.580E-02   31.40       1.20       8594     
   1.60     2.809E+01  1.492E-02   34.87       1.31       9432     
   1.70     2.686E+01  1.414E-02   38.51       1.42       1.03    
   1.80     2.574E+01  1.345E-02   42.30       1.53       1.12    
   2.00     2.380E+01  1.225E-02   50.37       1.93       1.31    
   2.25     2.178E+01  1.104E-02   61.34       2.50       1.57    
   2.50     2.010E+01  1.005E-02   73.27       3.04       1.85    
   2.75     1.869E+01  9.233E-03   86.15       3.58       2.15    
   3.00     1.748E+01  8.545E-03   99.97       4.10       2.48    
   3.25     1.643E+01  7.956E-03  114.70       4.63       2.82    
   3.50     1.552E+01  7.447E-03  130.33       5.17       3.18    
   3.75     1.470E+01  7.002E-03  146.86       5.71       3.55    
   4.00     1.398E+01  6.609E-03  164.27       6.26       3.95    
   4.50     1.275E+01  5.948E-03  201.68       8.27       4.80    
   5.00     1.173E+01  5.412E-03  242.53      10.16       5.72    
   5.50     1.087E+01  4.968E-03  286.76      12.01       6.72    
   6.00     1.015E+01  4.595E-03  334.31      13.85       7.78    
   6.50     9.517E+00  4.276E-03  385.13      15.70       8.91    
   7.00     8.968E+00  4.000E-03  439.19      17.56      10.11    
   8.00     8.055E+00  3.546E-03  556.74      24.37      12.70    
   9.00     7.324E+00  3.189E-03  686.80      30.72      15.55    
  10.00     6.725E+00  2.899E-03  829.15      36.94      18.66    

